a  timed   rate norm 1.000 0.869 0.900 0.740 0.787 0.634 0.684 0.541 0.598
   timed   LIF  norm 1.000 0.604 0.813 0.510 0.702 0.415 0.592 0.292 0.463
b  timed   rate Hz 26.5 23.0 23.8 19.6 20.9 16.8 18.1 14.3 15.8 | LIF Hz 12.0 7.2 9.7 6.1 8.4 5.0 7.1 3.5 5.5
a  depress rate norm 1.000 0.908 0.916 0.798 0.815 0.695 0.719 0.612 0.643
   depress LIF  norm 1.000 0.637 0.650 0.435 0.452 0.250 0.288 0.125 0.165
b  depress rate Hz 26.5 24.0 24.3 21.1 21.6 18.4 19.1 16.2 17.0 | LIF Hz 12.0 7.6 7.8 5.2 5.4 3.0 3.4 1.5 2.0
c  rate specificity curve (|w|, drop): (0.0044, 0.105) (0.0085, 0.242) (0.0125, 0.372) (0.0158, 0.479) (0.0181, 0.540) (0.0199, 0.575)
   LIF s0 specificity curve: (0.0043, 0.382) (0.0084, 0.698) (0.0122, 0.866) (0.0151, 0.957) (0.0177, 0.965) (0.0198, 0.973)
   LIF s1 specificity curve: (0.0044, 0.383) (0.0084, 0.702) (0.0120, 0.872) (0.0151, 0.959) (0.0176, 0.965) (0.0196, 0.969)
   LIF s2 specificity curve: (0.0042, 0.370) (0.0083, 0.688) (0.0122, 0.879) (0.0152, 0.960) (0.0177, 0.966) (0.0199, 0.974)
   LIF s3 specificity curve: (0.0044, 0.398) (0.0083, 0.669) (0.0119, 0.882) (0.0149, 0.959) (0.0175, 0.966) (0.0197, 0.970)
   LIF s4 specificity curve: (0.0044, 0.401) (0.0085, 0.695) (0.0123, 0.898) (0.0152, 0.960) (0.0177, 0.968) (0.0197, 0.972)
   F1 LIF (|w|, drop): (0.0040, 0.375) (0.0042, 0.385) (0.0045, 0.404) (0.0043, 0.404) (0.0045, 0.413)
   F1 rate (|w|, drop) ['c0', 'c1s0', 'c1s1', 'c1s2', 'c1s3', 'c1s4']: (0.0060, 0.131) (0.0090, 0.137) (0.0091, 0.138) (0.0091, 0.137) (0.0088, 0.137) (0.0091, 0.137)
S1 avoid_mbon_hz c0    5.27 5.24 5.16 5.14 5.04 5.03 4.86 4.61 4.24
S1 avoid_mbon_hz c1s0  5.27 4.89 3.33 1.54 0.30 0.23 0.18 0.29 0.23
S1 avoid_mbon_hz c1s1  5.27 4.87 3.22 1.41 0.24 0.24 0.18 0.30 0.24
S1 avoid_mbon_hz c1s2  5.27 4.88 3.30 1.51 0.29 0.24 0.18 0.30 0.24
S1 avoid_mbon_hz c1s3  5.27 4.93 3.62 1.85 0.51 0.20 0.15 0.27 0.21
S1 avoid_mbon_hz c1s4  5.27 4.88 3.30 1.49 0.27 0.21 0.15 0.27 0.21
S1 pam_hz       c0    0.31 0.31 0.31 0.30 0.30 0.29 0.29 0.27 0.26
S1 pam_hz       c1s0  1.40 1.31 1.15 0.99 0.94 0.94 0.94 0.94 0.94
S1 pam_hz       c1s1  1.43 1.34 1.17 1.01 0.96 0.96 0.96 0.96 0.96
S1 pam_hz       c1s2  1.41 1.32 1.15 0.99 0.94 0.94 0.94 0.93 0.94
S1 pam_hz       c1s3  1.30 1.23 1.10 0.95 0.88 0.87 0.87 0.87 0.87
S1 pam_hz       c1s4  1.41 1.32 1.15 0.98 0.93 0.92 0.92 0.92 0.92
